31023, 29001, 30111, 32012, 29999
29332, 34129, 33221, 32394, 32000
31114, 35447, 30587, 29854, 34851
34129, 32394, 29001, 29332, 29999
29332, 34129, 33221, 32394, 32000
30587, 29001, 32012, 31114, 35447
31023, 29001, 30111, 32012, 29999
29332, 34129, 33221, 32394, 32000
31114, 35447, 30587, 29854, 34851
34129, 32394, 29001, 29332, 29999
29332, 34129, 33221, 32394, 32000
30587, 29001, 32012, 31114, 35447
31023, 29001, 30111, 32012, 29999
29332, 34129, 33221, 32394, 32000
31114, 35447, 30587, 29854, 34851
34129, 32394, 29001, 29332, 29999
29332, 34129, 33221, 32394, 32000
30587, 29001, 32012, 31114, 35447
31023, 29001, 30111, 32012, 29999
29332, 34129, 33221, 32394, 32000
31114, 35447, 30587, 29854, 34851
34129, 32394, 29001, 29332, 29999
29332, 34129, 33221, 32394, 32000
30587, 29001, 32012, 31114, 35447
31023, 29001, 30111, 32012, 29999
29332, 34129, 33221, 32394, 32000
31114, 35447, 30587, 29854, 34851
34129, 32394, 29001, 29332, 29999
29332, 34129, 33221, 32394, 32000
30587, 29001, 32012, 31114, 35447
31023, 29001, 30111, 32012, 29999
29332, 34129, 33221, 32394, 32000
31114, 35447, 30587, 29854, 34851
34129, 32394, 29001, 29332, 29999
29332, 34129, 33221, 32394, 32000
30587, 29001, 32012, 31114, 35447
31023, 29001, 30111, 32012, 29999
29332, 34129, 33221, 32394, 32000
31114, 35447, 30587, 29854, 34851
34129, 32394, 29001, 29332, 29999
29332, 34129, 33221, 32394, 32000
30587, 29001, 32012, 31114, 35447
31023, 29001, 30111, 32012, 29999
29332, 34129, 33221, 32394, 32000
31114, 35447, 30587, 29854, 34851
34129, 32394, 29001, 29332, 29999
29332, 34129, 33221, 32394, 32000
30587, 29001, 32012, 31114, 35447
31023, 29001, 30111, 32012, 29999
29332, 34129, 33221, 32394, 32000
31114, 35447, 30587, 29854, 34851
34129, 32394, 29001, 29332, 29999
29332, 34129, 33221, 32394, 32000
30587, 29001, 32012, 31114, 35447
31023, 29001, 30111, 32012, 29999
29332, 34129, 33221, 32394, 32000
31114, 35447, 30587, 29854, 34851
34129, 32394, 29001, 29332, 29999
29332, 34129, 33221, 32394, 32000
30587, 29001, 32012, 31114, 35447
31023, 29001, 30111, 32012, 29999
29332, 34129, 33221, 32394, 32000
31114, 35447, 30587, 29854, 34851
34129, 32394, 29001, 29332, 29999
29332, 34129, 33221, 32394, 32000
30587, 29001, 32012, 31114, 35447
31023, 29001, 30111, 32012, 29999
29332, 34129, 33221, 32394, 32000
31114, 35447, 30587, 29854, 34851
34129, 32394, 29001, 29332, 29999
29332, 34129, 33221, 32394, 32000
30587, 29001, 32012, 31114, 35447
31023, 29001, 30111, 32012, 29999
29332, 34129, 33221, 32394, 32000
31114, 35447, 30587, 29854, 34851
34129, 32394, 29001, 29332, 29999
29332, 34129, 33221, 32394, 32000
30587, 29001, 32012, 31114, 35447
31023, 29001, 30111, 32012, 29999
29332, 34129, 33221, 32394, 32000
31114, 35447, 30587, 29854, 34851
34129, 32394, 29001, 29332, 29999
29332, 34129, 33221, 32394, 32000
30587, 29001, 32012, 31114, 35447
31023, 29001, 30111, 32012, 29999
29332, 34129, 33221, 32394, 32000
31114, 35447, 30587, 29854, 34851
34129, 32394, 29001, 29332, 29999
29332, 34129, 33221, 32394, 32000
30587, 29001, 32012, 31114, 35447
31023, 29001, 30111, 32012, 29999
29332, 34129, 33221, 32394, 32000
31114, 35447, 30587, 29854, 34851
34129, 32394, 29001, 29332, 29999
29332, 34129, 33221, 32394, 32000
30587, 29001, 32012, 31114, 35447
31023, 29001, 30111, 32012, 29999
29332, 34129, 33221, 32394, 32000
31114, 35447, 30587, 29854, 34851
34129, 32394, 29001, 29332, 29999
29332, 34129, 33221, 32394, 32000
30587, 29001, 32012, 31114, 35447
31023, 29001, 30111, 32012, 29999
29332, 34129, 33221, 32394, 32000
31114, 35447, 30587, 29854, 34851
34129, 32394, 29001, 29332, 29999
29332, 34129, 33221, 32394, 32000
30587, 29001, 32012, 31114, 35447
31023, 29001, 30111, 32012, 29999
29332, 34129, 33221, 32394, 32000
31114, 35447, 30587, 29854, 34851
34129, 32394, 29001, 29332, 29999
29332, 34129, 33221, 32394, 32000
30587, 29001, 32012, 31114, 35447
31023, 29001, 30111, 32012, 29999
29332, 34129, 33221, 32394, 32000
31114, 35447, 30587, 29854, 34851
34129, 32394, 29001, 29332, 29999
29332, 34129, 33221, 32394, 32000
30587, 29001, 32012, 31114, 35447